268.300 
292.199 
311.608 
329.959 
250.337 
269.865 
287.727 
306.451 
428.418 
260.905 
281.690 
298.033 
317.641 
355.065 
273.361 
292.001 
310.579 
329.420 
348.174 
264.213 
284.822 
441.716 
322.618 
343.739 
264.148 
286.877 
332.496 
355.189 
271.646 
291.931 
310.420 
330.737 
353.888 
270.209 
329.768 
349.308 
267.832 
286.577 
305.411 
328.291 
352.207 
273.381 
296.859 
315.826 
335.203 
353.294 
298.522 
322.331 
346.193 
265.573 
286.241 
242.890 
329.043 
347.801 
268.504 
292.238 
311.978 
332.423 
349.447 
243.817 
291.957 
314.481 
338.172 
259.170 
283.110 
408.903 
331.698 
352.543 
273.585 
297.542 
316.102 
356.228 
274.233 
297.779 
316.936 
243.592 
357.833 
278.557 
298.042 
319.533 
343.288 
265.230 
285.756 
309.460 
333.796 
357.378 
279.741 
298.292 
322.232 
347.933 
284.772 
311.357 
331.796 
455.577 
273.676 
296.445 
340.148 
259.931 
282.914 
303.087 
322.134 
345.769 
267.599 
285.893 
333.507 
356.499 
277.764 
244.143 
315.108 
338.532 
360.665 
283.024 
299.351 
527.952 
346.627 
268.127 
291.980 
312.475 
245.003 
243.821 
243.920 
244.655 
351.938 
245.249 
244.561 
315.573 
242.725 
257.363 
276.574 
294.680 
344.405 
337.415 
363.988 
273.215 
291.859 
316.916 
337.737 
259.765 
283.539 
408.669 
320.888 
297.415 
316.928 
338.414 
245.879 
243.245 
242.814 
242.914 
279.331 
246.044 
243.224 
298.514 
317.055 
339.668 
359.134 
275.247 
294.981 
317.649 
338.087 
244.352 
279.789 
243.346 
252.964 
343.460 
264.551 
278.466 
300.982 
319.014 
338.996 
248.020 
272.855 
295.605 
319.114 
341.226 
360.010 
278.888 
295.598 
316.401 
334.812 
352.460 
267.323 
286.069 
304.726 
323.793 
243.638 
242.944 
242.952 
243.190 
315.319 
244.226 
352.837 
245.476 
307.886 
309.288 
325.221 
348.093 
266.705 
289.928 
313.190 
336.877 
357.133 
280.736 
297.111 
319.626 
340.546 
359.244 
276.127 
294.278 
313.497 
335.605 
456.651 
271.039 
289.969 
310.271 
327.669 
346.486 
262.597 
282.158 
304.081 
326.073 
348.198 
265.370 
288.302 
310.972 
334.557 
357.454 
277.942 
302.507 
321.180 
245.567 
260.846 
283.104 
306.422 
330.712 
344.564 
260.586 
281.692 
303.044 
321.561 
359.002 
275.166 
294.064 
311.321 
335.268 
357.906 
301.630 
322.661 
343.579 
260.297 
278.986 
297.632 
336.770 
355.481 
271.707 
290.428 
310.753 
328.638 
347.029 
263.954 
281.583 
301.193 
321.080 
341.012 
359.062 
276.111 
293.421 
332.783 
364.512 
244.992 
243.582 
307.335 
325.374 
342.905 
259.899 
277.960 
296.734 
315.390 
334.357 
352.838 
274.026 
287.770 
308.090 
326.862 
347.728 
270.212 
412.105 
332.756 
243.396 
245.331 
243.782 
310.739 
436.209 
356.647 
274.975 
297.068 
318.371 
340.523 
358.951 
279.689 
316.107 
244.362 
354.667 
273.357 
295.544 
243.672 
243.522 
274.868 
242.961 
339.873 
244.567 
274.398 
292.215 
314.500 
334.856 
355.003 
277.706 
300.640 
320.799 
340.840 
261.449 
281.881 
302.443 
322.418 
342.889 
259.812 
282.019 
319.894 
243.729 
357.387 
273.876 
301.705 
318.477 
259.923 
279.206 
303.932 
320.784 
260.602 
282.471 
305.485 
329.568 
352.974 
275.053 
296.951 
328.097 
347.320 
269.200 
290.394 
312.434 
336.041 
354.253 
275.617 
295.345 
312.329 
336.436 
357.000 
276.202 
301.002 
338.267 
243.558 
278.915 
300.491 
324.300 
267.082 
288.263 
306.781 
352.487 
271.393 
294.593 
315.369 
335.137 
358.483 
279.792 
245.782 
243.909 
242.554 
242.605 
243.048 
242.902 
332.364 
251.063 
275.561 
294.511 
244.262 
253.613 
273.227 
296.311 
306.004 
299.449 
279.848 
293.868 
243.568 
294.918 
268.800 
289.575 
309.664 
287.969 
272.523 
243.651 
244.279 
243.707 
242.965 
244.576 
246.701 
252.201 
247.567 
247.033 
243.624 
243.619 
346.836 
287.936 
306.659 
355.145 
244.119 
243.237 
247.130 
338.802 
243.251 
242.697 
243.427 
243.015 
244.592 
242.897 
243.396 
263.160 
335.054 
359.558 
242.814 
300.442 
321.679 
345.858 
267.929 
290.730 
313.663 
335.721 
358.209 
279.799 
246.081 
326.086 
243.966 
293.243 
315.804 
243.908 
257.365 
281.460 
304.819 
243.076 
244.089 
267.964 
245.447 
310.326 
436.522 
355.512 
275.716 
302.185 
324.409 
348.514 
265.308 
288.457 
250.849 
313.405 
277.482 
295.875 
314.713 
243.893 
242.960 
242.977 
321.895 
342.555 
363.457 
287.003 
307.979 
331.600 
355.820 
243.379 
298.367 
320.405 
263.722 
282.855 
305.249 
324.480 
245.647 
242.708 
242.685 
244.821 
243.611 
367.633 
284.326 
306.523 
333.031 
349.716 
266.353 
284.146 
305.729 
325.361 
344.869 
285.455 
303.034 
322.261 
344.244 
246.778 
243.689 
300.074 
318.957 
243.951 
372.714 
341.526 
317.506 
243.911 
243.703 
261.989 
242.936 
305.110 
245.466 
244.709 
260.534 
286.370 
302.308 
320.426 
303.322 
356.498 
291.540 
289.054 
246.628 
283.573 
263.979 
274.542 
252.363 
269.429 
338.768 
260.313 
273.927 
243.873 
311.424 
